1.000000 0.465068 0.521883 0.571614 0.324075 0.442312 0.480970 0.082180 0.353390 0.210743 0.429439 0.258964 0.465068 0.180905 0.260989 0.470403 0.410455 0.544640 0.584877 0.465068 0.263219 0.454445 0.414062 0.072578 0.480970 0.046766 0.209831 0.447243 0.247584 0.253269 0.310495 0.618316 0.380335 0.403907 0.362531 0.009011 0.203768 0.387537 0.480970
0.465068 1.000000 0.465068 0.279564 0.505546 0.635741 0.507165 0.105988 0.307778 0.234552 0.438810 0.268334 0.489818 0.205655 0.274300 0.498892 0.494206 0.631428 0.533795 0.631428 0.287027 0.478253 0.440257 0.098773 0.507165 0.071516 0.238320 0.470424 0.257775 0.279463 0.513703 0.540950 0.403515 0.414098 0.371901 0.018381 0.213313 0.411345 0.507165
0.521883 0.465068 1.000000 0.294593 0.324075 0.442312 0.480970 0.082180 0.283970 0.210743 0.429439 0.258964 0.465068 0.180905 0.260989 0.470403 0.410455 0.544640 0.584877 0.465068 0.263219 0.454445 0.414062 0.072578 0.480970 0.046766 0.209831 0.447243 0.247584 0.253269 0.310495 0.438913 0.380335 0.403907 0.362531 0.009011 0.203768 0.387537 0.480970
0.571614 0.279564 0.294593 1.000000 0.198597 0.254815 0.296912 0.086459 0.425786 0.182778 0.228556 0.195108 0.279564 0.137509 0.169193 0.306093 0.228442 0.319343 0.363320 0.279564 0.194090 0.267999 0.296912 0.096857 0.296912 0.071516 0.218434 0.260170 0.164838 0.223002 0.263464 0.505251 0.260170 0.221299 0.195108 0.018381 0.156852 0.267999 0.296912
0.324075 0.505546 0.324075 0.198597 1.000000 0.774656 0.363465 0.073225 0.215899 0.164125 0.308301 0.187769 0.347255 0.146341 0.263855 0.363609 0.351433 0.449286 0.388287 0.505546 0.201227 0.336431 0.316158 0.074715 0.363465 0.051499 0.179374 0.329096 0.213313 0.202470 0.378043 0.376874 0.281789 0.293169 0.260995 0.011041 0.149375 0.289125 0.363465
0.442312 0.635741 0.442312 0.254815 0.774656 1.000000 0.480970 0.082180 0.283970 0.210743 0.429439 0.258964 0.465068 0.180905 0.260989 0.470403 0.483420 0.556169 0.505306 0.556169 0.263219 0.454445 0.414062 0.072578 0.480970 0.046766 0.209831 0.447243 0.247584 0.253269 0.434050 0.518484 0.380335 0.403907 0.362531 0.009011 0.203768 0.387537 0.480970
0.480970 0.507165 0.480970 0.296912 0.363465 0.480970 1.000000 0.122652 0.324442 0.313811 0.445358 0.322189 0.580053 0.295890 0.283728 0.631102 0.428817 0.507165 0.666004 0.507165 0.366286 0.557512 0.547004 0.205520 0.525564 0.161751 0.370529 0.486633 0.264918 0.512423 0.355089 0.477071 0.419725 0.421241 0.378449 0.024929 0.256464 0.490604 0.613912
0.082180 0.105988 0.082180 0.086459 0.073225 0.082180 0.122652 1.000000 0.087203 0.070782 0.062170 0.054506 0.105988 0.079903 0.086519 0.144197 0.074837 0.105988 0.148196 0.105988 0.077931 0.094868 0.122652 0.075867 0.122652 0.058404 0.120277 0.087335 0.055037 0.100745 0.114987 0.078628 0.087335 0.067975 0.054506 0.014007 0.060295 0.094868 0.122652
0.353390 0.307778 0.283970 0.425786 0.215899 0.283970 0.324442 0.087203 1.000000 0.195307 0.263960 0.224182 0.307778 0.138837 0.234612 0.329235 0.259875 0.307778 0.349985 0.307778 0.208760 0.296658 0.324442 0.086525 0.324442 0.060832 0.205100 0.289125 0.185866 0.236544 0.251216 0.342588 0.289125 0.253013 0.224182 0.014007 0.208856 0.296658 0.324442
0.210743 0.234552 0.210743 0.182778 0.164125 0.210743 0.313811 0.070782 0.195307 1.000000 0.190734 0.162609 0.352560 0.343120 0.146232 0.346148 0.192728 0.234552 0.360819 0.234552 0.336695 0.513266 0.564426 0.238542 0.251216 0.108945 0.272439 0.215899 0.160076 0.218096 0.223091 0.207191 0.187774 0.185866 0.162609 0.014007 0.152395 0.513266 0.403232
0.429439 0.438810 0.429439 0.228556 0.308301 0.429439 0.445358 0.062170 0.263960 0.190734 1.000000 0.593646 0.438810 0.154647 0.260989 0.420475 0.410455 0.438810 0.455378 0.438810 0.243210 0.434435 0.378449 0.039244 0.445358 0.020508 0.159903 0.431470 0.247584 0.217656 0.274882 0.428040 0.364562 0.467677 0.420064 0.009011 0.203768 0.367527 0.445358
0.258964 0.268334 0.258964 0.195108 0.187769 0.258964 0.322189 0.054506 0.224182 0.162609 0.593646 1.000000 0.268334 0.114727 0.175767 0.264152 0.254132 0.268334 0.284903 0.268334 0.176063 0.311267 0.235104 0.035050 0.274882 0.020910 0.140017 0.260995 0.211108 0.186985 0.201656 0.257565 0.260995 0.311355 0.276719 0.009011 0.203768 0.224182 0.274882
0.465068 0.489818 0.465068 0.279564 0.347255 0.465068 0.580053 0.105988 0.307778 0.352560 0.438810 0.268334 1.000000 0.347265 0.274300 0.594157 0.421241 0.489818 0.629060 0.489818 0.405036 0.596261 0.617270 0.278064 0.507165 0.130228 0.357234 0.470424 0.257775 0.352351 0.336690 0.461379 0.403515 0.414098 0.371901 0.018381 0.213313 0.529353 0.684178
0.180905 0.205655 0.180905 0.137509 0.146341 0.180905 0.295890 0.079903 0.138837 0.343120 0.154647 0.114727 0.347265 1.000000 0.132245 0.333585 0.184317 0.205655 0.344898 0.205655 0.565269 0.411265 0.527080 0.269267 0.223002 0.129339 0.265911 0.186261 0.116919 0.222089 0.183082 0.177216 0.164575 0.153525 0.154647 0.018381 0.108933 0.389580 0.400015
0.260989 0.274300 0.260989 0.169193 0.263855 0.260989 0.283728 0.086519 0.234612 0.146232 0.260989 0.175767 0.274300 0.132245 1.000000 0.280912 0.266280 0.274300 0.298361 0.314078 0.172465 0.268060 0.250280 0.080709 0.283728 0.065389 0.150651 0.263855 0.200391 0.169898 0.198506 0.259018 0.230407 0.256852 0.227541 0.050813 0.168260 0.234612 0.283728
0.470403 0.498892 0.470403 0.306093 0.363609 0.470403 0.631102 0.144197 0.329235 0.346148 0.420475 0.264152 0.594157 0.333585 0.280912 1.000000 0.408467 0.498892 0.688131 0.498892 0.394267 0.569618 0.569748 0.256613 0.518967 0.210582 0.417186 0.476553 0.256855 0.422303 0.362644 0.466171 0.476553 0.400201 0.359122 0.034950 0.214209 0.508264 0.631102
0.410455 0.494206 0.410455 0.228442 0.351433 0.483420 0.428817 0.074837 0.259875 0.192728 0.410455 0.254132 0.421241 0.184317 0.266280 0.408467 1.000000 0.421241 0.440472 0.421241 0.240847 0.416197 0.367463 0.054328 0.428817 0.037665 0.169526 0.412786 0.245890 0.220018 0.272494 0.481815 0.351433 0.389235 0.349101 0.024929 0.203988 0.354844 0.428817
0.544640 0.631428 0.544640 0.319343 0.449286 0.556169 0.507165 0.105988 0.307778 0.234552 0.438810 0.268334 0.489818 0.205655 0.274300 0.498892 0.421241 1.000000 0.613366 0.631428 0.287027 0.478253 0.440257 0.098773 0.507165 0.071516 0.238320 0.470424 0.257775 0.279463 0.513703 0.461379 0.403515 0.414098 0.371901 0.018381 0.213313 0.411345 0.507165
0.584877 0.533795 0.584877 0.363320 0.388287 0.505306 0.666004 0.148196 0.349985 0.360819 0.455378 0.284903 0.629060 0.344898 0.298361 0.688131 0.440472 0.613366 1.000000 0.533795 0.413295 0.604521 0.599096 0.257612 0.553869 0.210758 0.427559 0.511455 0.275883 0.438303 0.383394 0.501074 0.444547 0.432206 0.388470 0.034950 0.230209 0.537613 0.666004
0.465068 0.631428 0.465068 0.279564 0.505546 0.556169 0.507165 0.105988 0.307778 0.234552 0.438810 0.268334 0.489818 0.205655 0.314078 0.498892 0.421241 0.631428 0.533795 1.000000 0.287027 0.478253 0.440257 0.098773 0.507165 0.071516 0.238320 0.470424 0.301154 0.279463 0.662453 0.461379 0.403515 0.414098 0.371901 0.018381 0.213313 0.411345 0.507165
0.263219 0.287027 0.263219 0.194090 0.201227 0.263219 0.366286 0.077931 0.208760 0.336695 0.243210 0.176063 0.405036 0.565269 0.172465 0.394267 0.240847 0.287027 0.413295 0.287027 1.000000 0.451318 0.583453 0.237542 0.303691 0.108366 0.252212 0.268374 0.148763 0.262037 0.210754 0.259667 0.311754 0.233985 0.206734 0.014007 0.141083 0.451318 0.455708
0.454445 0.478253 0.454445 0.267999 0.336431 0.454445 0.557512 0.094868 0.296658 0.513266 0.434435 0.311267 0.596261 0.411265 0.268060 0.569618 0.416197 0.478253 0.604521 0.478253 0.451318 1.000000 0.707771 0.240820 0.494917 0.108945 0.309046 0.459600 0.253013 0.329810 0.324442 0.450892 0.392692 0.409336 0.367527 0.014007 0.208856 0.690059 0.646934
0.414062 0.440257 0.414062 0.296912 0.316158 0.414062 0.547004 0.122652 0.324442 0.564426 0.378449 0.235104 0.617270 0.527080 0.250280 0.569748 0.367463 0.440257 0.599096 0.440257 0.583453 0.707771 1.000000 0.334011 0.458656 0.162153 0.394178 0.419725 0.228442 0.355540 0.402395 0.410163 0.363465 0.359887 0.322189 0.024929 0.219988 0.774679 0.673217
0.072578 0.098773 0.072578 0.096857 0.074715 0.072578 0.205520 0.075867 0.086525 0.238542 0.039244 0.035050 0.278064 0.269267 0.080709 0.256613 0.054328 0.098773 0.257612 0.098773 0.237542 0.240820 0.334011 1.000000 0.117172 0.160444 0.254086 0.078241 0.044996 0.200046 0.113645 0.068679 0.078241 0.046752 0.036965 0.024929 0.036541 0.240820 0.331733
0.480970 0.507165 0.480970 0.296912 0.363465 0.480970 0.525564 0.122652 0.324442 0.251216 0.445358 0.274882 0.507165 0.223002 0.283728 0.518967 0.428817 0.507165 0.553869 0.507165 0.303691 0.494917 0.458656 0.117172 1.000000 0.088863 0.258394 0.486633 0.264918 0.297862 0.355089 0.477071 0.419725 0.421241 0.378449 0.024929 0.219988 0.428009 0.525564
0.046766 0.071516 0.046766 0.071516 0.051499 0.046766 0.161751 0.058404 0.060832 0.108945 0.020508 0.020910 0.130228 0.129339 0.065389 0.210582 0.037665 0.071516 0.210758 0.071516 0.108366 0.108945 0.162153 0.160444 0.088863 1.000000 0.209896 0.052122 0.029951 0.161943 0.088525 0.043077 0.052122 0.030522 0.020508 0.018381 0.023344 0.108543 0.161751
0.209831 0.238320 0.209831 0.218434 0.179374 0.209831 0.370529 0.120277 0.205100 0.272439 0.159903 0.140017 0.357234 0.265911 0.150651 0.417186 0.169526 0.238320 0.427559 0.238320 0.252212 0.309046 0.394178 0.254086 0.258394 0.209896 1.000000 0.215980 0.143026 0.302855 0.282043 0.205599 0.196095 0.161260 0.211677 0.034950 0.133827 0.332695 0.370529
0.447243 0.470424 0.447243 0.260170 0.329096 0.447243 0.486633 0.087335 0.289125 0.215899 0.431470 0.260995 0.470424 0.186261 0.263855 0.476553 0.412786 0.470424 0.511455 0.470424 0.268374 0.459600 0.419725 0.078241 0.486633 0.052122 0.215980 1.000000 0.249789 0.258932 0.316158 0.443782 0.853520 0.406112 0.364562 0.011041 0.205836 0.392692 0.486633
0.247584 0.257775 0.247584 0.164838 0.213313 0.247584 0.264918 0.055037 0.185866 0.160076 0.247584 0.211108 0.257775 0.116919 0.200391 0.256855 0.245890 0.257775 0.275883 0.301154 0.148763 0.253013 0.228442 0.044996 0.264918 0.029951 0.143026 0.249789 1.000000 0.140783 0.197771 0.246065 0.213313 0.238747 0.211108 0.044640 0.198597 0.216537 0.264918
0.253269 0.279463 0.253269 0.223002 0.202470 0.253269 0.512423 0.100745 0.236544 0.218096 0.217656 0.186985 0.352351 0.222089 0.169898 0.422303 0.220018 0.279463 0.438303 0.279463 0.262037 0.329810 0.355540 0.200046 0.297862 0.161943 0.302855 0.258932 0.140783 1.000000 0.241401 0.249370 0.258932 0.212442 0.186985 0.024929 0.115608 0.299139 0.386211
0.310495 0.513703 0.310495 0.263464 0.378043 0.434050 0.355089 0.114987 0.251216 0.223091 0.274882 0.201656 0.336690 0.183082 0.198506 0.362644 0.272494 0.513703 0.383394 0.662453 0.210754 0.324442 0.402395 0.113645 0.355089 0.088525 0.282043 0.316158 0.197771 0.241401 1.000000 0.306596 0.276380 0.264918 0.235104 0.024929 0.189317 0.371749 0.355089
0.618316 0.540950 0.438913 0.505251 0.376874 0.518484 0.477071 0.078628 0.342588 0.207191 0.428040 0.257565 0.461379 0.177216 0.259018 0.466171 0.481815 0.461379 0.501074 0.461379 0.259667 0.450892 0.410163 0.068679 0.477071 0.043077 0.205599 0.443782 0.246065 0.249370 0.306596 1.000000 0.376874 0.402388 0.361132 0.007611 0.202343 0.383984 0.477071
0.380335 0.403515 0.380335 0.260170 0.281789 0.380335 0.419725 0.087335 0.289125 0.187774 0.364562 0.260995 0.403515 0.164575 0.230407 0.476553 0.351433 0.403515 0.444547 0.403515 0.311754 0.392692 0.363465 0.078241 0.419725 0.052122 0.196095 0.853520 0.213313 0.258932 0.276380 0.376874 1.000000 0.344758 0.308301 0.011041 0.205836 0.392692 0.419725
0.403907 0.414098 0.403907 0.221299 0.293169 0.403907 0.421241 0.067975 0.253013 0.185866 0.467677 0.311355 0.414098 0.153525 0.256852 0.400201 0.389235 0.414098 0.432206 0.414098 0.233985 0.409336 0.359887 0.046752 0.421241 0.030522 0.161260 0.406112 0.238747 0.212442 0.264918 0.402388 0.344758 1.000000 0.406324 0.018381 0.197314 0.347982 0.421241
0.362531 0.371901 0.362531 0.195108 0.260995 0.362531 0.378449 0.054506 0.224182 0.162609 0.420064 0.276719 0.371901 0.154647 0.227541 0.359122 0.349101 0.371901 0.388470 0.371901 0.206734 0.367527 0.322189 0.036965 0.378449 0.020508 0.211677 0.364562 0.211108 0.186985 0.235104 0.361132 0.308301 0.406324 1.000000 0.009011 0.173097 0.311267 0.378449
0.009011 0.018381 0.009011 0.018381 0.011041 0.009011 0.024929 0.014007 0.014007 0.014007 0.009011 0.009011 0.018381 0.018381 0.050813 0.034950 0.024929 0.018381 0.034950 0.018381 0.014007 0.014007 0.024929 0.024929 0.024929 0.018381 0.034950 0.011041 0.044640 0.024929 0.024929 0.007611 0.011041 0.018381 0.009011 1.000000 0.287066 0.014007 0.024929
0.203768 0.213313 0.203768 0.156852 0.149375 0.203768 0.256464 0.060295 0.208856 0.152395 0.203768 0.203768 0.213313 0.108933 0.168260 0.214209 0.203988 0.213313 0.230209 0.213313 0.141083 0.208856 0.219988 0.036541 0.219988 0.023344 0.133827 0.205836 0.198597 0.115608 0.189317 0.202343 0.205836 0.197314 0.173097 0.287066 1.000000 0.245332 0.219988
0.387537 0.411345 0.387537 0.267999 0.289125 0.387537 0.490604 0.094868 0.296658 0.513266 0.367527 0.224182 0.529353 0.389580 0.234612 0.508264 0.354844 0.411345 0.537613 0.411345 0.451318 0.690059 0.774679 0.240820 0.428009 0.108543 0.332695 0.392692 0.216537 0.299139 0.371749 0.383984 0.392692 0.347982 0.311267 0.014007 0.245332 1.000000 0.580026
0.480970 0.507165 0.480970 0.296912 0.363465 0.480970 0.613912 0.122652 0.324442 0.403232 0.445358 0.274882 0.684178 0.400015 0.283728 0.631102 0.428817 0.507165 0.666004 0.507165 0.455708 0.646934 0.673217 0.331733 0.525564 0.161751 0.370529 0.486633 0.264918 0.386211 0.355089 0.477071 0.419725 0.421241 0.378449 0.024929 0.219988 0.580026 1.000000
